ID	WCFS1.glc.1	WCFS1.glc.2	WCFS1.rib.1	WCFS1.rib.2
lp_0001	8100	9599	8144	7000
lp_0002	12679	15856	11539	11049
lp_0004	1795	1946	1470	1607
lp_0005	8538	8740	5699	7402
lp_0009	56040	42130	31941	23500
lp_0010	105615	90094	60086	52584
lp_0011	68724	63725	37616	37478
lp_0012	6956	7088	6693	7813
lp_0013	3968	3834	3215	4480
lp_0014	5029	4999	3983	4605
lp_0015	341	246	277	306
lp_0016	883	737	604	856
lp_0017	1546	1598	1217	1621
lp_0018	186	171	305	386
lp_0022	45	51	71	89
lp_0026	1248	1592	1549	1727
lp_0027	226	428	391	460
lp_0036	3684	4344	3041	3724
lp_0037	6402	6833	5198	5631
lp_0038	4327	4358	2923	3216
lp_0039	3073	3098	1788	2096
lp_0041	2912	2329	2743	3263
lp_0043	4982	4921	4781	4939
lp_0046	248	257	294	232
lp_0047	144	97	87	81
lp_0048	284	230	259	308
lp_0050	276	260	273	235
lp_0052	444	410	410	452
lp_0053	3998	4447	1734	1730
lp_0057	478	526	606	719
lp_0058	114	158	993	1219
lp_0059	84	73	191	122
lp_0060	15	26	26	48
lp_0061	75	63	64	110
lp_0062	49	52	65	89
lp_0063	27	23	581	612
lp_0066	277	334	330	292
lp_0068	488	611	482	511
lp_0070	441	487	940	970
lp_0073	653	762	473	557
lp_0075	59	74	48	78
lp_0076	1058	964	908	1086
lp_0077	651	679	512	592
lp_0078	378	451	376	400
lp_0080	345	358	259	267
lp_0081	418	502	510	644
lp_0082	95	74	161	88
lp_0083	223	298	285	313
lp_0085	414	481	651	609
lp_0088	220	247	226	242
lp_0089	759	1018	761	903
lp_0091	1233	1530	993	1478
lp_0092	463	533	612	617
lp_0096	65	50	339	462
lp_0098	105	165	497	497
lp_0099	1590	1752	1630	815
lp_0100	2886	3339	2678	2293
lp_0101	621	510	244	189
lp_0102	859	894	352	296
lp_0103	712	612	362	233
lp_0104	293	320	60	58
lp_0105	107	123	25	30
lp_0106	112	134	19	20
lp_0107	129	156	25	27
lp_0108	45	50	18	8
lp_0109	128	222	56	56
lp_0111	1750	2269	2263	3019
lp_0113	128	117	629	866
lp_0114	275	263	1145	1598
lp_0115	212	237	977	1229
lp_0116	436	411	1778	2383
lp_0117	670	683	691	969
lp_0118	1157	1436	2733	2871
lp_0119	821	1148	1110	1327
lp_0120	5180	5720	4919	5355
lp_0121	753	830	696	921
lp_0122	838	868	856	1100
lp_0124	8454	8457	6763	6536
lp_0126	5799	6247	7738	4880
lp_0127	193	200	200	171
lp_0128	269	304	284	251
lp_0129	411	485	440	438
lp_0130	13	10	14	11
lp_0132	791	782	563	707
lp_0133	366	322	231	408
lp_0134	481	377	319	425
lp_0136	60	57	49	99
lp_0137	819	821	1300	1453
lp_0138	2478	2602	1206	1277
lp_0139	8024	9214	25338	24536
lp_0141	20	28	14	22
lp_0145	1579	1954	897	794
lp_0146	358	497	279	253
lp_0148	1233	1410	1103	929
lp_0149	3060	3662	2677	2721
lp_0150	507	580	450	372
lp_0152	1165	1209	955	1184
lp_0154	35	24	56	131
lp_0155	24	14	88	218
lp_0156	26	29	261	354
lp_0158	650	611	610	909
lp_0159	336	257	243	320
lp_0160	147	132	126	186
lp_0161	184	176	161	179
lp_0162	399	354	257	419
lp_0163	1104	963	883	1225
lp_0164	2222	2954	1628	1632
lp_0165	97	115	117	115
lp_0166	502	644	564	583
lp_0168	1648	1764	1932	2355
lp_0169	1346	1351	1481	2161
lp_0170	602	616	735	800
lp_0171	1298	1286	1583	2012
lp_0172	302	272	602	740
lp_0173	213	289	617	731
lp_0174	493	649	1286	1406
lp_0175	412	520	1387	1518
lp_0176	30	38	157	191
lp_0177	23	32	70	73
lp_0178	58	68	177	201
lp_0179	87	103	241	250
lp_0183	3586	4056	3186	2708
lp_0184	186	292	710	699
lp_0185	216	248	300	307
lp_0187	226	268	197	168
lp_0188	468	482	498	495
lp_0190	1232	1380	793	744
lp_0192	1055	1034	591	555
lp_0194	693	707	571	540
lp_0197	1841	1649	1789	2713
lp_0199	1511	1622	1564	1567
lp_0202	127	190	94	125
lp_0203	355	433	217	295
lp_0204	229	215	161	133
lp_0205	294	344	345	450
lp_0206	2409	2960	4620	4776
lp_0207	601	631	619	616
lp_0208	620	816	406	491
lp_0209	1760	2219	1116	1240
lp_0210	4161	4095	344	382
lp_0213	367	415	78	83
lp_0214	428	497	112	114
lp_0215	1124	1141	496	550
lp_0217	404	471	1132	940
lp_0218	1472	1639	3663	3642
lp_0219	522	511	1442	1507
lp_0220	891	989	1085	1294
lp_0221	1025	1197	1382	1524
lp_0223	478	514	580	666
lp_0224	158	168	229	302
lp_0225	175	149	158	233
lp_0226	1411	1526	2625	4058
lp_0228	1630	2363	2886	3818
lp_0230	151	178	179	145
lp_0231	564	667	1393	1507
lp_0232	212	188	626	594
lp_0233	648	703	1937	2068
lp_0235	2187	2960	2683	2947
lp_0236	754	725	530	561
lp_0239	1890	2329	500	493
lp_0240	33	41	718	765
lp_0242	87	125	1670	1954
lp_0243	1148	1328	1156	1176
lp_0244	493	534	389	353
lp_0254	97	131	74	67
lp_0255	286	376	158	195
lp_0256	127	155	67	107
lp_0257	4178	4471	3313	3397
lp_0259	1365	1316	394	411
lp_0260	38	36	34	79
lp_0261	17	12	27	33
lp_0262	2289	1827	18	26
lp_0263	1442	1370	25	59
lp_0266	281	314	302	385
lp_0271	670	640	342	316
lp_0272	774	839	403	438
lp_0273	195	239	251	240
lp_0274	511	398	261	266
lp_0275	4244	3832	1882	2247
lp_0276	37	45	36	26
lp_0277	18	24	17	19
lp_0279	8	6	12	4
lp_0280	30	44	40	24
lp_0281	184	178	150	158
lp_0282	876	1256	1293	1750
lp_0283	211	293	361	409
lp_0284	310	357	469	520
lp_0285	422	378	812	847
lp_0286	774	997	10097	10852
lp_0287	1523	2093	1320	1878
lp_0289	6	11	57	62
lp_0290	102	104	84	99
lp_0291	404	413	588	740
lp_0292	1558	1704	1015	1121
lp_0293	1927	1836	1332	1281
lp_0294	278	333	319	319
lp_0295	4125	4086	2832	2696
lp_0296	879	1065	738	1082
lp_0298	39	43	16	12
lp_0299	39	48	30	25
lp_0300	186	212	252	300
lp_0301	350	376	259	441
lp_0302	5627	5722	2960	2627
lp_0304	5870	5833	6593	6359
lp_0305	557	637	422	582
lp_0306	1060	1146	935	1092
lp_0307	869	932	775	984
lp_0308	1447	1581	1409	1655
lp_0310	960	927	18108	18980
lp_0311	228	230	72	66
lp_0312	418	227	220	157
lp_0313	6661	6373	5410	8322
lp_0314	47	85	57	52
lp_0315	2318	2625	2175	2059
lp_0316	1311	1462	1201	1162
lp_0317	2048	2231	2057	2138
lp_0318	1842	2064	1780	2095
lp_0319	670	681	704	743
lp_0320	2270	3087	7000	8036
lp_0321	1004	1062	740	842
lp_0322	2003	2270	1409	1811
lp_0324	1495	989	1283	621
lp_0325	2234	2063	594	680
lp_0326	3973	3593	1426	1410
lp_0327	1855	1509	717	639
lp_0329	2062	2369	153	208
lp_0330	113192	135182	104334	104613
lp_0331	2485	3049	3661	3367
lp_0332	2887	3624	3190	3568
lp_0333	2333	3059	1969	3208
lp_0334	5523	6406	12983	12694
lp_0335	2744	3212	4064	4114
lp_0336	87	45	70	98
lp_0337	204	190	182	276
lp_0339	535	581	508	659
lp_0340	1830	1878	1534	1513
lp_0343	4786	4939	2765	2234
lp_0344	8025	8554	5075	4405
lp_0346	1	4	10	2
lp_0347	300	271	175	278
lp_0348	722	720	543	607
lp_0349	4141	4366	229	164
lp_0350	37	28	28	32
lp_0351	1505	1813	1334	1059
lp_0353	30	34	21	21
lp_0354	537	658	576	684
lp_0357	593	586	480	432
lp_0358	1116	1382	1334	1403
lp_0359	776	1001	755	792
lp_0360	655	729	551	754
lp_0361	569	668	497	452
lp_0362	5754	6718	3447	3824
lp_0363	3719	5139	6767	8353
lp_0364	796	832	1159	1637
lp_0367	1698	1869	2875	3970
lp_0368	1651	1726	2500	3326
lp_0369	3876	4646	6472	7765
lp_0371	134	162	6893	6796
lp_0372	13	27	966	1002
lp_0373	70	38	59	73
lp_0423	1487	744	26	50
lp_0432	4378	5221	5241	5789
lp_0433	77	128	135	137
lp_0434	3200	3744	3028	2825
lp_0435	260	212	324	475
lp_0436	117	146	521	565
lp_0438	37	50	188	196
lp_0439	24	31	80	77
lp_0441	154	109	138	174
lp_0442	627	553	704	698
lp_0443	2134	2539	2303	2411
lp_0446	926	972	877	1089
lp_0447	1710	1611	1624	1802
lp_0448	2241	2035	2102	2488
lp_0449	1338	1306	1242	1458
lp_0450	1238	1305	984	1240
lp_0452	281	263	153	191
lp_0454	16592	17402	14287	16453
lp_0455	680	607	471	434
lp_0456	2107	2646	1904	2443
lp_0457	1989	2372	1857	2002
lp_0458	2940	3225	2387	2518
lp_0459	6949	8489	7035	4860
lp_0460	1749	1745	1335	1557
lp_0461	990	1070	944	1197
lp_0463	998	1046	873	812
lp_0464	773	823	600	661
lp_0466	925	668	442	507
lp_0467	8252	8287	6289	6342
lp_0469	271	200	167	232
lp_0471	21429	21852	15914	15894
lp_0472	966	1147	3122	3114
lp_0473	3471	4176	4845	4601
lp_0475	2513	3259	2688	2970
lp_0476	3348	4299	3810	4164
lp_0477	1390	1720	1679	1749
lp_0479	1480	1705	1195	1527
lp_0480	14049	15487	11205	11430
lp_0481	14835	17036	11676	13789
lp_0502	357	259	1152	1299
lp_0505	534	455	1003	1408
lp_0506	383	256	675	944
lp_0507	423	377	868	950
lp_0509	155	153	311	306
lp_0510	9408	9604	7132	7210
lp_0511	11314	11533	7232	7018
lp_0512	18322	21190	9955	5646
lp_0513	339	511	617	870
lp_0514	768	687	467	626
lp_0515	4229	4585	3733	3826
lp_0516	3224	3173	2857	3338
lp_0517	3927	3911	3555	3829
lp_0518	8101	8563	6823	6850
lp_0520	52889	58849	17170	14026
lp_0522	1922	1702	1103	1685
lp_0523	3541	3308	2300	2752
lp_0524	3640	3637	3679	2987
lp_0527	14	24	13	23
lp_0528	89	63	35	25
lp_0529	86	105	45	52
lp_0530	114	106	50	48
lp_0531	179	132	61	82
lp_0532	155	160	68	90
lp_0533	2133	2318	1005	691
lp_0535	806	1073	1256	1425
lp_0536	1520	1853	1480	1618
lp_0537	10239	11152	8817	8474
lp_0538	1271	1459	984	1003
lp_0539	7398	7526	5493	5851
lp_0540	3201	2930	2441	2180
lp_0541	1427	1239	897	829
lp_0542	4351	3219	3949	3057
lp_0543	11099	10045	8215	8517
lp_0545	3450	3772	2624	3099
lp_0546	5747	5099	4316	4986
lp_0547	49824	53241	48988	50567
lp_0548	941	718	557	731
lp_0549	1237	881	540	994
lp_0550	11593	8946	5277	7897
lp_0551	5783	6447	6291	5034
lp_0552	1218	1483	1164	1203
lp_0555	445	398	345	424
lp_0556	662	644	580	690
lp_0557	1066	1273	952	1205
lp_0558	212	263	129	125
lp_0559	5853	7000	5284	6834
lp_0561	1045	976	915	1102
lp_0562	4748	4901	5860	7456
lp_0563	3384	3537	3930	4669
lp_0564	3278	3996	3043	3372
lp_0565	3312	2603	2323	2996
lp_0566	4656	4535	4001	4654
lp_0568	4182	4437	2914	2313
lp_0569	2453	2407	1818	1938
lp_0570	747	783	616	694
lp_0571	8043	9412	6665	7253
lp_0572	5615	6214	4477	5053
lp_0574	82	129	142	160
lp_0575	15341	17022	540	604
lp_0576	11132	11935	372	377
lp_0583	3171	3209	2455	2120
lp_0585	5546	5832	8753	9235
lp_0586	1192	1287	1364	1325
lp_0587	2254	2450	2328	2795
lp_0588	3067	3288	2192	2572
lp_0589	1440	1474	1150	1244
lp_0590	6013	6943	4685	5272
lp_0591	4155	4818	3251	3430
lp_0592	4246	4888	3179	3554
lp_0593	10161	11000	7074	6833
lp_0594	858	1030	637	546
lp_0595	2267	2543	1617	1472
lp_0597	370	342	216	245
lp_0600	1204	1062	297	276
lp_0601	11067	13709	15917	18057
lp_0602	2816	3091	4210	4340
lp_0603	1609	1902	2250	2930
lp_0604	587	570	588	560
lp_0606	4512	3922	3077	3425
lp_0607	4264	3744	2471	2768
lp_0609	27738	33314	25341	27366
lp_0610	5690	5605	4299	5299
lp_0611	2373	2319	1700	2212
lp_0612	3469	3070	2499	3367
lp_0613	2993	2755	1986	2679
lp_0614	4288	4076	2494	3237
lp_0616	1334	751	1063	403
lp_0617	2930	3091	2180	1842
lp_0618	7381	7521	5365	4475
lp_0619	111596	130596	70739	73719
lp_0620	87035	90462	62469	53287
lp_0621	56765	58306	40956	32518
lp_0622	14271	14594	10697	8033
lp_0688	1239	1652	869	935
lp_0689	499	702	352	409
lp_0690	7221	6542	3556	4362
lp_0691	3306	3853	2710	2895
lp_0692	23053	24639	17587	15555
lp_0693	22751	25870	17687	15499
lp_0694	2400	2713	2607	2206
lp_0695	1781	2012	1647	1741
lp_0696	1858	2237	1642	1812
lp_0698	7710	7570	5174	6160
lp_0699	2605	2734	1615	1950
lp_0700	4222	4391	2718	3014
lp_0701	1218	1126	791	770
lp_0703	2560	2644	2064	2378
lp_0704	1041	1078	1010	971
lp_0705	4015	4266	3193	3806
lp_0706	1279	1438	973	1189
lp_0707	2007	1852	1320	1580
lp_0708	2469	2617	1725	2166
lp_0710	47	61	27	43
lp_0711	38	48	49	25
lp_0712	19	17	7	23
lp_0713	17	24	10	15
lp_0714	14	18	20	20
lp_0715	24	22	21	26
lp_0717	2005	2122	1857	1994
lp_0718	1886	2098	1722	1758
lp_0720	1583	1695	1216	1518
lp_0721	4302	4625	3409	3581
lp_0723	7326	8662	6138	6144
lp_0725	5122	5242	5333	5330
lp_0726	888	957	1106	1012
lp_0727	4761	4688	4928	5131
lp_0728	29627	31062	29893	32394
lp_0729	6679	5280	3504	3765
lp_0730	2085	2269	1490	1267
lp_0733	69	57	15	26
lp_0734	495	628	612	681
lp_0735	24	29	20	23
lp_0737	38622	51226	104036	118360
lp_0739	22675	20974	13216	14167
lp_0742	4372	4676	3483	4176
lp_0743	4158	4612	3335	3884
lp_0744	7561	8592	5634	6098
lp_0746	66	64	29	41
lp_0747	280	187	93	97
lp_0748	340	318	145	148
lp_0749	470	396	177	209
lp_0750	1061	1099	571	672
lp_0751	2227	2526	1533	1643
lp_0752	1510	1698	1415	1400
lp_0753	1985	2043	2189	1708
lp_0754	2772	2973	5076	5389
lp_0755	6324	6705	9021	10281
lp_0756	9041	9137	13047	12893
lp_0757	12989	13704	16890	16465
lp_0758	1636	1801	1470	1527
lp_0761	4101	3953	4200	5549
lp_0762	335	404	468	487
lp_0763	311	255	373	368
lp_0764	20519	21948	36053	38198
lp_0765	364	369	630	608
lp_0766	954	849	1110	1365
lp_0769	231	330	335	422
lp_0770	822	759	482	418
lp_0771	586	536	374	426
lp_0772	3818	3695	2669	2862
lp_0773	6646	6725	4487	4835
lp_0774	2162	2212	2071	2289
lp_0775	467	446	431	483
lp_0776	645	716	524	583
lp_0778	1050	1182	2208	2096
lp_0779	2327	2211	2493	3495
lp_0780	3975	3835	5129	6108
lp_0781	3053	3025	4121	3947
lp_0783	1238	1140	447	457
lp_0785	1336	1652	1209	1576
lp_0786	8227	10330	11360	11196
lp_0787	1433	1349	1195	1280
lp_0788	41785	45313	26495	21397
lp_0789	304949	348490	249034	244029
lp_0790	67821	66177	49372	47299
lp_0791	50466	48444	35005	34777
lp_0792	121495	124998	84736	84304
lp_0793	1995	2064	1132	1343
lp_0794	2296	2104	1331	1346
lp_0795	2209	2428	2562	2296
lp_0796	4119	4190	4073	4485
lp_0797	21540	23501	20601	20692
lp_0799	5646	6559	4498	4938
lp_0802	5868	5823	985	808
lp_0803	5987	6099	1003	877
lp_0804	2386	2975	2895	3048
lp_0805	2781	3329	3376	3845
lp_0806	2451	2194	6402	5978
lp_0807	4136	4393	10424	11510
lp_0809	241	261	344	350
lp_0810	479	499	582	676
lp_0811	857	1038	840	964
lp_0812	1097	1130	1078	1233
lp_0813	1291	1260	1315	1527
lp_0814	3469	3745	3523	3877
lp_0815	3744	3610	2723	3153
lp_0816	1801	1654	1122	1193
lp_0817	2273	2330	2166	2011
lp_0818	2950	2846	2186	2452
lp_0819	4063	3657	3151	3177
lp_0820	8759	9185	6964	6449
lp_0822	21432	19131	7309	6761
lp_0823	718	803	1983	1956
lp_0824	2955	3210	3468	3682
lp_0825	151	196	209	189
lp_0826	452	394	482	615
lp_0827	636	545	593	531
lp_0828	464	316	206	266
lp_0829	510	479	206	315
lp_0830	47	88	63	67
lp_0835	86	92	26	25
lp_0836	3333	3311	2046	1089
lp_0837	4383	5221	4047	3880
lp_0838	2849	3072	929	566
lp_0840	133	130	116	161
lp_0841	2423	3208	2279	2341
lp_0842	4665	5472	4201	4709
lp_0843	2483	2502	2206	2735
lp_0844	609	790	987	1076
lp_0845	48	36	32	33
lp_0846	303	372	452	459
lp_0848	1345	1074	576	400
lp_0849	109	123	2026	2126
lp_0850	58	57	199	195
lp_0853	4224	5296	5807	7126
lp_0854	1920	1945	1659	1901
lp_0856	6547	6249	4890	5004
lp_0857	4725	5625	8714	9397
lp_0858	431	489	701	885
lp_0861	1103	1310	2125	2236
lp_0862	81	72	57	93
lp_0863	745	743	485	631
lp_0864	1093	1144	813	932
lp_0865	513	497	960	487
lp_0866	929	940	618	696
lp_0868	1768	1828	1288	1756
lp_0871	8183	8035	4472	4280
lp_0872	775	1053	893	977
lp_0874	433	434	413	446
lp_0875	186	206	272	151
lp_0878	1793	1440	2712	2779
lp_0881	2236	2258	3107	4209
lp_0882	1940	2149	2817	3488
lp_0883	1216	1248	1931	1826
lp_0884	53	51	165	224
lp_0885	37	26	130	126
lp_0886	120	121	432	441
lp_0887	108	114	378	355
lp_0888	1180	1366	1552	1302
lp_0889	484	567	1057	1260
lp_0891	1226	1341	827	830
lp_0892	245	221	177	197
lp_0893	586	551	397	463
lp_0894	634	732	680	590
lp_0895	465	593	450	510
lp_0896	5309	6431	4743	5437
lp_0897	313	291	214	259
lp_0898	15	10	9	26
lp_0900	2874	3524	2410	2396
lp_0901	2777	3438	2470	2710
lp_0902	2610	3205	2325	2765
lp_0903	1012	1280	1031	1414
lp_0907	808	909	803	661
lp_0910	5800	5487	4888	6016
lp_0912	44	43	150	191
lp_0913	881	850	1090	1049
lp_0914	36108	35331	29345	32766
lp_0924	222	90	75	163
lp_0925	1112	1053	681	905
lp_0926	608	765	1556	1429
lp_0927	1987	2417	4280	5223
lp_0928	1372	1368	2716	3283
lp_0929	2524	3065	5276	7065
lp_0930	1979	2210	3710	4850
lp_0931	711	919	892	956
lp_0932	877	917	651	953
lp_0934	120	180	94	102
lp_0935	186	203	117	119
lp_0937	4261	4225	4745	5390
lp_0945	4	2	6	11
lp_0946	130	183	374	516
lp_0947	96	104	127	92
lp_0948	127	111	146	173
lp_0949	145	156	221	243
lp_0950	265	239	242	317
lp_0951	72	79	96	88
lp_0954	1818	2109	1133	1300
lp_0955	1345	1556	786	750
lp_0957	599	677	804	860
lp_0959	7494	10132	8474	10023
lp_0960	273	274	210	277
lp_0960a	52	84	74	105
lp_0962	2135	2201	1771	1963
lp_0963	1891	2379	1625	1924
lp_0965	1302	1593	706	746
lp_0966	320	222	183	351
lp_0967	379	423	507	505
lp_0968	2555	2435	1645	1567
lp_0969	2022	1751	1128	1170
lp_0970	1769	1865	1528	1603
lp_0971	1860	2420	2014	2469
lp_0972	559	646	601	794
lp_0973	0	8	16	30
lp_0975	8	4	12	20
lp_0977	4674	5588	6294	7015
lp_0979	12983	15539	9730	10538
lp_0981	272	391	304	338
lp_0982	397	529	460	555
lp_0984	751	848	352	171
lp_0988	520	543	407	579
lp_0990	1177	1317	669	545
lp_0991	1554	1776	910	805
lp_0992	263	224	196	165
lp_0995	2422	3378	3225	4009
lp_0996	3583	3910	3149	3081
lp_0997	53164	56656	40631	24621
lp_0998	666	565	426	535
lp_0999	457	349	340	337
lp_1000	9700	10532	6802	6786
lp_1001	964	996	1036	754
lp_1002	2259	3276	5285	6504
lp_1003	250	245	341	425
lp_1004	507	453	824	1124
lp_1005	7489	8076	18211	21901
lp_1008	4637	4378	2658	2252
lp_1010	4341	4553	1774	1467
lp_1011	1796	1015	715	538
lp_1018	2044	2014	1712	1905
lp_1020	1469	1454	1074	1423
lp_1021	76306	78861	63050	68403
lp_1022	85884	91264	71464	71201
lp_1023	2	0	5	3
lp_1025	37639	38638	29877	24354
lp_1026	39049	42707	31932	27536
lp_1027	121408	131195	101753	90978
lp_1032	74359	80145	45633	40229
lp_1033	91460	84200	56389	48587
lp_1034	53393	55069	34172	29463
lp_1035	43799	43674	27144	24095
lp_1036	73369	65669	43873	38989
lp_1038	34253	33049	19656	19756
lp_1039	44502	42932	24847	26519
lp_1040	47650	45485	27663	28461
lp_1041	21779	20712	12111	13165
lp_1043	25888	24451	13265	15695
lp_1044	16561	12939	10562	8168
lp_1045	21842	19477	12639	12047
lp_1046	34434	32867	18848	21060
lp_1047	38594	36933	22727	23630
lp_1050	35985	32154	19086	23157
lp_1051	43735	40743	23460	29011
lp_1052	34653	30804	18357	22451
lp_1053	26788	22994	13693	17688
lp_1054	17998	15488	9143	11816
lp_1055	11045	8466	6241	6326
lp_1056	66203	54720	34239	42805
lp_1058	22758	19820	12768	12869
lp_1059	13555	11530	8998	9144
lp_1060	17778	12071	13175	9891
lp_1061	23230	19180	17106	15111
lp_1062	61024	58080	42384	40475
lp_1063	38488	40192	24686	28493
lp_1066	1805	2146	2350	2189
lp_1067	927	1157	1230	1173
lp_1068	872	1022	1326	1101
lp_1069	4134	4579	12938	13947
lp_1070	3620	4324	13640	14095
lp_1072	1334	1273	1480	1548
lp_1073	2415	2597	2212	2195
lp_1074	2899	3409	2774	2729
lp_1075	3330	3824	2929	2821
lp_1076	2848	3108	1813	1903
lp_1077	58231	58754	38564	39504
lp_1078	41323	43263	30058	29263
lp_1079	6307	8774	7611	8408
lp_1081	4	14	10	15
lp_1084	41	55	26	59
lp_1085	171	166	168	222
lp_1088	2	0	0	1
lp_1089	1	4	2	3
lp_1090	6	6	6	10
lp_1092	124	144	186	192
lp_1093	129	120	96	125
lp_1095	740	997	329	401
lp_1096	561	689	263	245
lp_1098	402	515	475	523
lp_1101	1089	1378	1553	1682
lp_1103	1107	1419	1041	1127
lp_1105	1164	1247	1303	1564
lp_1106	1831	1938	2084	2252
lp_1107	1470	1640	1820	2137
lp_1108	2542	3138	3519	3545
lp_1109	4611	5935	6733	6494
lp_1112	492	483	316	432
lp_1113	637	637	532	721
lp_1114	379	527	343	446
lp_1115	633	735	634	764
lp_1116	321	318	300	242
lp_1118	99	69	38	39
lp_1119	26	31	9	16
lp_1120	833	1008	665	474
lp_1121	511	381	238	452
lp_1123	264	272	276	338
lp_1124	150	164	138	232
lp_1125	1482	1407	2180	2535
lp_1126	1200	1150	2090	2011
lp_1128	1548	1723	1500	1606
lp_1129	2286	2729	2419	2319
lp_1132	88	86	91	103
lp_1134	1514	1701	1740	2035
lp_1135	2523	2543	1957	2248
lp_1136	2982	4510	5293	6206
lp_1138	782	583	429	538
lp_1139	2589	2340	2256	2592
lp_1140	1475	1477	1249	1474
lp_1141	7372	6945	5641	6798
lp_1144	6948	5951	4325	5617
lp_1145	8233	7826	5100	6848
lp_1146	8380	8552	5951	6800
lp_1147	3147	2859	2068	2517
lp_1148	10130	9738	6893	8208
lp_1149	17768	17217	11566	13911
lp_1150	9393	9230	5817	6515
lp_1151	7454	7367	4806	5204
lp_1153	5284	3850	3713	5784
lp_1154	1950	1896	1585	1768
lp_1155	612	604	525	654
lp_1156	669	528	543	612
lp_1157	1696	1925	1549	1822
lp_1158	1845	2176	1660	1915
lp_1159	872	774	773	781
lp_1160	4465	4794	4548	1454
lp_1161	2763	2551	2391	2648
lp_1162	3062	3004	2721	3010
lp_1163	114	218	222	237
lp_1164	545	462	434	522
lp_1165	630	586	494	668
lp_1166	2524	2969	2371	2790
lp_1168	165	119	421	623
lp_1169	3225	4009	4767	4761
lp_1171	76	69	49	73
lp_1173	3485	4275	2399	2378
lp_1174	542	565	505	411
lp_1175	6740	7376	2023	1999
lp_1239	860	724	177	268
lp_1240	1666	1592	617	1033
lp_1241	7091	7305	5840	4206
lp_1242	46	22	26	50
lp_1243	589	569	290	363
lp_1244	1863	1638	882	1029
lp_1245	771	1191	1487	1882
lp_1247	3998	3568	2473	2565
lp_1248	1964	2016	1338	1128
lp_1249	675	916	1374	1667
lp_1250	845	1010	1683	2206
lp_1251	333	397	668	642
lp_1253	5928	7974	14852	14611
lp_1255	6780	7310	6055	6527
lp_1256	148	135	77	87
lp_1257	1282	1467	1548	1744
lp_1258	556	499	447	482
lp_1259	783	579	366	461
lp_1260	662	537	306	415
lp_1262	390	420	664	834
lp_1263	650	724	1064	1371
lp_1264	744	934	1419	1569
lp_1265	892	964	1399	1720
lp_1267	1553	1724	1560	1434
lp_1268	175	89	54	57
lp_1273	13466	11719	26810	24079
lp_1274	61719	62536	119240	127850
lp_1275	6539	6665	4655	5223
lp_1276	3578	3573	3035	3102
lp_1277	3037	3098	2458	2339
lp_1278	3547	3835	2018	1920
lp_1280	4831	6551	6584	7535
lp_1281	5502	5717	5194	5068
lp_1289	56	49	55	61
lp_1290	79	49	85	74
lp_1291	484	476	523	733
lp_1292	4608	4867	1487	1444
lp_1293	634	764	470	693
lp_1295	553	674	765	864
lp_1296	491	610	679	830
lp_1297	163	195	175	153
lp_1298	74	90	100	133
lp_1299	900	994	667	997
lp_1300	761	741	665	400
lp_1301	11449	14008	9428	9272
lp_1302	335	416	176	218
lp_1311	930	929	875	1073
lp_1313	211	220	199	243
lp_1314	2765	3573	2308	2357
lp_1315	543	583	613	645
lp_1316	18278	20494	15483	17042
lp_1317	4511	4097	3642	3564
lp_1319	3450	3165	2187	2293
lp_1320	370	529	552	799
lp_1321	6201	7162	7132	7942
lp_1322	4250	4634	4472	5033
lp_1324	12	7	12	15
lp_1325	12	10	6	2
lp_1326	4	6	8	8
lp_1327	73	81	67	77
lp_1328	350	390	311	376
lp_1329	11006	13260	11107	10922
lp_1330	1135	1016	1425	1123
lp_1333	46	62	53	39
lp_1334	274	300	209	201
lp_1335	189	239	176	199
lp_1336	287	290	230	273
lp_1339	176	198	221	374
lp_1341	96	96	55	71
lp_1342	232	251	152	189
lp_1343	208	191	184	146
lp_1353	275	171	990	1314
lp_1354	741	682	1342	1396
lp_1355	1585	1529	968	863
lp_1356	1145	1172	808	710
lp_1357	4812	4576	2340	2296
lp_1358	2907	2986	1391	1269
lp_1360	5864	6916	8996	8424
lp_1362	227	247	301	383
lp_1363	773	768	639	567
lp_1364	4258	4964	4125	4848
lp_1369	1121	1487	1067	1022
lp_1370	431	539	422	441
lp_1371	1844	2055	1876	1871
lp_1372	704	567	469	273
lp_1373	658	701	486	624
lp_1374	52	126	94	102
lp_1375	43	52	64	80
lp_1377	40	34	13	22
lp_1378	40	34	44	41
lp_1379	64	59	50	79
lp_1380	91	68	81	54
lp_1381	261	260	150	155
lp_1385	14	30	4	12
lp_1386	221	178	90	59
lp_1388	1351	993	724	358
lp_1390	694	632	335	341
lp_1391	5849	5677	4017	3839
lp_1392	11	27	45	52
lp_1395	146	265	324	400
lp_1403	178	251	99	159
lp_1406	956	779	751	577
lp_1407	1511	1829	1971	2258
lp_1409	15	17	17	13
lp_1410	806	731	341	470
lp_1411	956	1020	671	803
lp_1412	244	362	217	216
lp_1413	6924	6022	3960	3654
lp_1415	3491	2949	2689	2266
lp_1416	1593	1551	887	825
lp_1417	5186	5274	2763	2958
lp_1418	2090	1978	1302	1455
lp_1420	18	39	45	58
lp_1422	325	389	386	423
lp_1424	153	188	73	51
lp_1425	316	310	206	281
lp_1426	504	504	648	698
lp_1427	602	832	563	474
lp_1430	517	574	551	608
lp_1431	1134	1278	1171	1425
lp_1435	1940	2234	788	655
lp_1436	9790	8785	6098	11488
lp_1437	21052	18856	16616	26784
lp_1438	10584	9880	9087	13958
lp_1440	14	20	14	12
lp_1442	784	791	469	417
lp_1443	158	204	285	271
lp_1445	290	286	138	146
lp_1446	158	242	1053	1281
lp_1447	28	48	155	179
lp_1448	59	52	256	267
lp_1449	32	38	165	168
lp_1450	77	66	228	279
lp_1452	27460	32216	21175	19480
lp_1453	445	533	651	628
lp_1454	655	726	978	980
lp_1455	978	949	753	792
lp_1456	907	840	746	677
lp_1457	2681	2776	1720	1950
lp_1458	1297	1358	830	695
lp_1459	1695	2099	1931	1869
lp_1460	4056	4231	3233	3743
lp_1461	18147	19025	15194	15429
lp_1462	7740	7991	6558	5862
lp_1465	96	100	163	161
lp_1466	263	323	623	632
lp_1467	55	85	69	87
lp_1468	1396	1789	1804	2086
lp_1469	1824	2016	2149	2583
lp_1470	2100	2419	2160	2793
lp_1471	1236	1576	1184	1663
lp_1472	1892	1998	1993	2218
lp_1482	263	282	617	773
lp_1483	1322	1372	2639	3436
lp_1507	6818	7834	8044	7416
lp_1508	6699	7199	6426	7425
lp_1509	2015	2195	1963	2224
lp_1510	1158	1142	1155	1174
lp_1511	1396	1532	1347	1382
lp_1512	4919	5244	4294	4969
lp_1513	3379	3183	2506	2959
lp_1514	16379	18876	15853	16899
lp_1515	35651	36861	23616	18545
lp_1516	19298	14428	13384	8212
lp_1517	18523	17464	13324	8837
lp_1518	0	2	1	0
lp_1519	142	192	241	184
lp_1521	71	80	121	110
lp_1522	109	122	96	171
lp_1523	103	150	266	262
lp_1525	101	76	63	94
lp_1527	2300	2147	1701	2014
lp_1528	4192	3880	3163	3766
lp_1529	2506	1955	1636	1936
lp_1530	3501	2827	2167	2819
lp_1531	4211	3829	2668	3612
lp_1532	834	822	609	721
lp_1533	2116	2042	1426	1645
lp_1534	3381	3475	2275	2712
lp_1535	11356	11388	7380	3761
lp_1539	801	810	948	1372
lp_1540	0	5	10	10
lp_1541	16827	17849	13630	13487
lp_1543	614	671	665	775
lp_1544	6842	6835	5869	4861
lp_1545	5050	5179	4283	4020
lp_1546	595	619	922	886
lp_1548	2062	2928	2923	3491
lp_1549	370	435	550	577
lp_1552	36	24	30	40
lp_1553	8407	9868	8509	8807
lp_1554	965	1113	1055	1181
lp_1555	2189	2061	1868	2152
lp_1556	3990	3884	3305	4057
lp_1557	2879	2699	2428	2876
lp_1558	3308	3342	2751	2999
lp_1559	10164	10423	8667	9023
lp_1561	13465	13732	10038	12243
lp_1562	7954	7992	6621	6916
lp_1563	4308	4365	3772	2796
lp_1564	767	875	692	717
lp_1565	418	485	373	352
lp_1566	54	69	775	722
lp_1567	5394	6102	4650	4359
lp_1568	8202	7443	5477	5849
lp_1570	1208	946	657	907
lp_1571	1332	889	651	893
lp_1572	9045	9337	6484	9564
lp_1573	17479	16889	14417	16726
lp_1574	1036	894	637	811
lp_1576	2344	2154	1949	2889
lp_1577	1155	1275	1275	823
lp_1578	428	372	395	496
lp_1579	631	639	551	614
lp_1580	10531	12834	5185	5036
lp_1581	26054	29895	13395	11998
lp_1583	5778	4889	3444	4359
lp_1584	8000	7061	4683	6584
lp_1585	2509	2544	2188	2193
lp_1586	1819	2239	1953	1935
lp_1587	59	45	39	67
lp_1591	1751	1895	1416	1638
lp_1592	82782	81289	49415	40571
lp_1593	66601	68575	40857	33120
lp_1594	46092	48762	31181	24775
lp_1595	13402	13185	9292	9512
lp_1596	16295	17702	13445	14226
lp_1597	14570	15825	11651	12340
lp_1598	8946	9532	7738	6798
lp_1599	1419	1441	1110	1684
lp_1600	3957	3813	3274	4008
lp_1601	688	694	599	721
lp_1602	2043	1703	1528	1809
lp_1603	2610	2354	1958	2240
lp_1604	3003	2907	2231	2826
lp_1605	2596	2541	2122	2455
lp_1607	7719	8011	8607	10375
lp_1608	2377	2453	3031	3143
lp_1609	4157	3708	4403	4231
lp_1610	2800	2820	3359	3279
lp_1611	219	286	204	250
lp_1612	5864	6541	5047	5987
lp_1613	2329	2941	2119	2717
lp_1614	2175	2128	2046	2542
lp_1615	3413	3195	3147	3618
lp_1616	2118	2102	1889	2173
lp_1617	2289	2217	2249	2434
lp_1618	2040	2016	2010	2214
lp_1619	5693	5589	5285	5627
lp_1635	7288	7312	7095	6804
lp_1636	69895	70463	42305	27575
lp_1637	25133	23359	15968	9658
lp_1638	1673	1683	762	746
lp_1639	2615	2626	1303	1301
lp_1640	20551	24364	16404	12268
lp_1642	485	451	459	632
lp_1645	20	28	28	22
lp_1648	559	596	558	620
lp_1649	961	1233	1027	1348
lp_1652	43	48	55	58
lp_1653	0	4	6	8
lp_1654	0	12	4	6
lp_1655	8	4	0	9
lp_1656	12	1	6	9
lp_1657	25	26	30	39
lp_1658	30	10	29	26
lp_1659	558	561	603	769
lp_1660	908	1000	1139	1288
lp_1662	10	10	16	10
lp_1663	46	40	44	45
lp_1664	61	71	61	54
lp_1665	30	35	41	72
lp_1667	14	32	46	83
lp_1668	563	592	641	717
lp_1669	814	859	749	931
lp_1670	389	1263	3873	5150
lp_1671	684	2603	9137	12631
lp_1672	175	601	2352	3754
lp_1673	582	1796	6818	12184
lp_1674	335	1057	4630	7075
lp_1675	548	1824	7653	12719
lp_1676	301	925	4333	6482
lp_1677	236	696	3455	5131
lp_1678	682	1788	8582	13757
lp_1679	443	1086	5122	7986
lp_1680	329	909	3968	7268
lp_1681	374	1022	5066	7736
lp_1682	290	777	3774	5466
lp_1684	32	32	18	24
lp_1685	203	225	541	643
lp_1686	201	186	441	453
lp_1687	429	413	338	463
lp_1688	52	64	98	77
lp_1689	42	58	29	29
lp_1690	2007	2317	2031	2751
lp_1694	296	357	302	285
lp_1695	36	44	49	35
lp_1696	1114	1028	1331	1281
lp_1697	639	638	1087	1114
lp_1698	819	1049	603	518
lp_1699	1182	1342	1173	1202
lp_1700	699	840	1280	1530
lp_1701	681	714	1171	1386
lp_1702	1798	1835	2708	1947
lp_1703	1479	1664	2211	2493
lp_1704	1317	1642	3204	4756
lp_1705	1279	1377	3180	3687
lp_1706	1406	1525	3681	4057
lp_1708	1205	1225	1555	1652
lp_1709	480	515	623	637
lp_1711	1957	2516	2817	3333
lp_1712	2036	2549	2174	2232
lp_1713	1927	2178	2188	2558
lp_1715	1464	1466	852	670
lp_1716	1574	1421	921	726
lp_1717	233	303	217	416
lp_1718	93	100	82	80
lp_1721	61	82	78	90
lp_1722	62	72	75	76
lp_1723	1300	1389	1409	1425
lp_1724	1884	2139	1930	2104
lp_1726	1368	1591	1529	1400
lp_1729	175	246	137	146
lp_1731	146	204	237	246
lp_1732	1456	1641	1014	1005
lp_1733	3116	3615	2846	2666
lp_1734	2446	2823	2660	2400
lp_1735	1393	1790	1431	1499
lp_1737	3826	4419	4891	5291
lp_1738	2408	2296	1744	1610
lp_1739	10170	10300	7819	8412
lp_1741	2697	2781	1627	1527
lp_1744	19	37	24	38
lp_1745	18	20	8	32
lp_1746	20	22	32	16
lp_1747	485	555	1156	1144
lp_1748	34	27	52	61
lp_1749	4	8	20	13
lp_1750	4	4	0	6
lp_1751	7291	8475	6978	7576
lp_1752	1982	1932	1756	1907
lp_1753	523	484	500	519
lp_1754	19937	17729	18238	15260
lp_1756	2747	2979	1782	2084
lp_1760	335	410	635	670
lp_1762	46	43	136	120
lp_1763	93	89	624	571
lp_1779	5212	5104	4894	6085
lp_1780	724	583	478	700
lp_1781	1550	1510	1138	1537
lp_1782	880	963	1536	2149
lp_1783	2388	2580	4543	6374
lp_1784	6045	6401	9523	12509
lp_1785	351	370	912	1135
lp_1786	274	288	262	289
lp_1787	443	454	500	607
lp_1788	312	322	359	373
lp_1789	406	473	430	488
lp_1790	177	217	187	142
lp_1793	4158	5459	4364	4977
lp_1795	1660	2052	1402	1501
lp_1796	4990	5596	4229	4079
lp_1797	1126	1106	986	783
lp_1798	296	250	328	339
lp_1801	1083	1261	1069	817
lp_1803	132	171	178	157
lp_1805	397	396	311	503
lp_1806	390	398	337	458
lp_1807	290	227	263	365
lp_1809	627	640	427	396
lp_1812	791	1055	1282	1619
lp_1813	317	435	375	369
lp_1814	613	712	755	882
lp_1815	355	380	516	509
lp_1816	9	9	5	7
lp_1817	13	24	30	34
lp_1818	869	913	1136	983
lp_1819	987	1173	1347	1207
lp_1820	1032	1085	525	562
lp_1821	610	769	691	861
lp_1822	243	314	207	299
lp_1824	57	57	119	160
lp_1825	108	130	163	194
lp_1833	266	258	359	420
lp_1834	4	2	7	3
lp_1835	1761	2060	3776	3538
lp_1836	1611	1732	3687	3301
lp_1837	16865	16482	15060	14478
lp_1838	18172	18675	14725	13956
lp_1842	1729	2213	2066	1970
lp_1843	4010	4152	3829	4209
lp_1845	7321	6569	6204	6753
lp_1846	2136	1966	1614	2044
lp_1847	2567	2280	1820	2198
lp_1848	16345	19008	9518	9557
lp_1850	8362	9466	8285	9093
lp_1852	1342	1582	1421	1440
lp_1853	1191	1311	1296	1306
lp_1854	1517	1601	1837	1793
lp_1856	209	249	221	242
lp_1857	217	339	293	291
lp_1859	58	86	24	41
lp_1860	117	138	59	99
lp_1863	1163	1181	657	682
lp_1864	7781	8956	7391	7255
lp_1865	1539	1692	1508	1426
lp_1866	1618	1819	1752	1556
lp_1867	4123	4556	3796	3938
lp_1868	6382	7183	6761	7629
lp_1869	2081	2019	2342	2781
lp_1870	3807	4153	4420	5629
lp_1871	6621	6883	7378	9204
lp_1872	2352	2359	8635	9117
lp_1873	3297	3336	5199	5939
lp_1874	2220	2246	3388	3915
lp_1876	2001	2353	4692	5404
lp_1877	2409	2422	1834	2108
lp_1879	54781	61244	52821	43815
lp_1881	8951	8958	7194	7900
lp_1882	61825	68563	61906	58635
lp_1883	16246	16144	13564	13236
lp_1884	12431	13782	10850	10679
lp_1885	2375	2633	3366	3563
lp_1886	1638	1974	2368	2486
lp_1887	1663	1910	1901	1851
lp_1888	2179	2091	1966	1963
lp_1889	2571	2702	2045	2616
lp_1890	2573	2772	2039	2492
lp_1891	1704	1654	1208	1543
lp_1892	1427	1285	1159	1312
lp_1893	2737	2734	2296	2451
lp_1894	929	727	655	617
lp_1897	133961	149200	58909	54715
lp_1898	39912	44656	20579	21818
lp_1899	2996	3323	3346	3533
lp_1904	5041	5295	8364	8824
lp_1905	2767	2955	3958	4564
lp_1906	1553	1734	2290	2619
lp_1908	3092	3472	1434	760
lp_1909	41	75	48	64
lp_1910	76	88	54	76
lp_1911	1006	1255	1152	1532
lp_1912	45	50	115	104
lp_1913	198	208	170	184
lp_1914	229	287	222	268
lp_1915	499	669	651	634
lp_1918	285	221	335	464
lp_1921	605	548	351	286
lp_1922	390	462	492	513
lp_1923	1032	1135	1650	1970
lp_1925	645	661	942	1413
lp_1926	161	122	164	188
lp_1927	151	144	149	199
lp_1928	419	383	339	393
lp_1929	90	90	92	118
lp_1930	335	418	432	586
lp_1931	518	472	635	757
lp_1933	28	55	33	55
lp_1934	83	75	52	64
lp_1936	37	34	34	39
lp_1937	36	26	30	37
lp_1938	332	411	602	887
lp_1939	931	1024	965	1018
lp_1943	271	345	374	378
lp_1944	45	30	56	69
lp_1945	38	24	48	81
lp_1946	2	2	4	5
lp_1947	321	362	257	271
lp_1948	34	66	58	52
lp_1949	125	139	115	122
lp_1955	63	64	69	42
lp_1956	407	391	289	396
lp_1957	442	404	305	469
lp_1958	354	304	258	290
lp_1959	331	230	157	215
lp_1964	12484	13322	10981	12347
lp_1965	4674	4830	4021	5066
lp_1966	2609	2485	1888	2235
lp_1967	3235	2939	2533	2856
lp_1968	964	906	805	913
lp_1969	2089	2088	1721	1971
lp_1970	4354	4400	3751	4621
lp_1972	67523	71476	52490	64504
lp_1973	23315	21604	18964	18584
lp_1974	499	695	1812	2066
lp_1975	93	87	62	46
lp_1976	2382	2780	2005	2224
lp_1977	1584	1634	1323	1396
lp_1978	1545	1780	1503	1584
lp_1979	218	160	211	212
lp_1980	8587	7657	6712	8618
lp_1981	5805	5215	4063	5832
lp_1982	3557	4155	3609	3308
lp_1983	259	344	369	370
lp_1985	824	828	748	774
lp_1986	1830	1843	1662	2252
lp_1987	4145	4386	3729	5318
lp_1988	3203	3348	3099	2850
lp_1989	1999	1610	1304	1817
lp_1990	2089	1810	1528	2132
lp_1991	394	377	253	281
lp_1992	1768	1814	1707	1869
lp_1994	2868	3108	2296	1884
lp_2015	2954	3134	2859	3277
lp_2016	56023	60806	45911	45037
lp_2017	14273	13350	11166	11178
lp_2018	41737	38614	32132	33506
lp_2019	33732	32242	25916	28258
lp_2020	5378	3696	2570	3838
lp_2021	21475	15577	11528	16231
lp_2026	11843	11822	9036	10397
lp_2027	40011	39552	33459	34039
lp_2028	9523	10093	7925	8905
lp_2029	15508	15822	13999	15547
lp_2030	1713	1762	2977	3128
lp_2031	1975	2115	3325	3936
lp_2032	1136	1087	1776	2183
lp_2033	29	25	17	14
lp_2034	43	43	29	30
lp_2035	63	66	53	66
lp_2036	22	18	20	19
lp_2037	50	66	33	62
lp_2039	3444	3351	2406	2140
lp_2040	26326	24427	17397	17120
lp_2041	3883	3536	2402	2611
lp_2042	2216	2020	1533	1577
lp_2043	6695	6412	4379	4515
lp_2044	2533	2426	1431	1593
lp_2045	9780	9901	8401	7716
lp_2048	13910	14892	12320	12013
lp_2049	4218	3788	3481	3052
lp_2050	2294	2086	1979	1985
lp_2054	21525	23252	16799	14917
lp_2055	57698	60935	43635	34829
lp_2056	2407	2906	1180	1031
lp_2057	78129	94869	65686	67016
lp_2058	239	268	263	245
lp_2059	839	918	719	767
lp_2060	993	1205	1073	1142
lp_2061	440	333	276	226
lp_2062	965	886	685	506
lp_2063	4577	6056	4421	5102
lp_2066	313	395	250	245
lp_2067	999	881	1025	1125
lp_2068	723	633	581	806
lp_2069	13	16	6	20
lp_2071	1225	1334	1301	894
lp_2081	122	108	107	142
lp_2082	434	357	317	628
lp_2083	1057	1033	967	1185
lp_2084	16	8	4	9
lp_2085	1413	1585	1206	1381
lp_2086	6947	6990	5103	4442
lp_2087	8625	9145	6559	7057
lp_2088	629	478	438	548
lp_2089	1425	1228	1071	1437
lp_2090	1596	1378	1226	1654
lp_2093	494	745	1113	1500
lp_2094	4139	3725	3129	3876
lp_2095	236	311	1095	1178
lp_2096	301	381	1621	1798
lp_2097	458	639	2363	2482
lp_2098	160	209	562	513
lp_2099	1277	1048	26	60
lp_2100	734	707	16	17
lp_2102	865	877	20	27
lp_2104	288	227	8	4
lp_2106	555	363	17	26
lp_2107	519	366	29	57
lp_2108	324	252	20	53
lp_2109	2200	2244	2867	3127
lp_2110	3016	3286	2070	1778
lp_2111	4641	4949	2920	2859
lp_2112	963	1139	894	794
lp_2113	10165	12145	16853	17710
lp_2114	1446	1369	1000	1011
lp_2115	4981	4628	3437	4355
lp_2116	10109	11038	8857	8727
lp_2118	53503	58752	39763	41511
lp_2119	304742	331295	299861	309971
lp_2121	599	538	333	230
lp_2122	8284	9123	8415	7969
lp_2123	4462	4606	4077	3520
lp_2125	17455	19846	11048	7209
lp_2126	22851	28432	19390	11866
lp_2128	3165	3382	2310	2618
lp_2129	2938	2718	2114	2715
lp_2130	738	585	541	620
lp_2131	590	518	427	497
lp_2132	2474	2640	2294	3150
lp_2133	737	731	716	972
lp_2134	1066	973	1015	1351
lp_2135	296	224	213	342
lp_2136	17693	19588	21674	24412
lp_2137	3290	3634	4136	4809
lp_2141	866	733	497	398
lp_2143	469	503	380	282
lp_2146	64111	72670	30340	28712
lp_2147	1057	1055	1234	1354
lp_2149	437	414	523	668
lp_2150	295	270	430	546
lp_2151	621	786	38294	42099
lp_2152	524	629	32631	36091
lp_2153	346	470	20913	23881
lp_2154	324	389	18859	19625
lp_2155	4109	5067	4460	4146
lp_2156	358	321	191	222
lp_2157	1278	1269	1330	985
lp_2158	20869	24077	20188	19608
lp_2159	2897	3120	1970	1701
lp_2160	1492	1666	1289	743
lp_2162	10982	14091	20556	23143
lp_2166	4077	4575	4055	4229
lp_2168	3494	3776	2077	2415
lp_2169	1278	1331	752	1033
lp_2170	583	514	250	412
lp_2173	100	118	82	107
lp_2174	52	83	52	79
lp_2175	45	42	30	60
lp_2176	368	386	236	374
lp_2177	855	730	719	917
lp_2178	6993	7241	4281	5047
lp_2179	3606	3918	2713	3510
lp_2180	7343	7528	5693	6705
lp_2181	2656	2356	2150	2247
lp_2182	911	979	795	867
lp_2183	2390	2584	1792	2334
lp_2185	3229	3398	2512	2815
lp_2187	34066	38592	34078	35902
lp_2189	19174	20639	15929	17446
lp_2190	7590	8135	6783	7301
lp_2191	1949	1931	1765	1848
lp_2192	5977	5979	5176	5625
lp_2193	14807	15419	13473	15074
lp_2194	13507	13955	12598	14380
lp_2195	2918	2834	2231	2234
lp_2196	4560	4195	3291	3681
lp_2197	5296	5350	3797	4173
lp_2199	4887	4950	3580	3235
lp_2200	10792	11475	7421	9018
lp_2201	1085	998	770	951
lp_2202	2433	1787	1361	2078
lp_2203	1207	844	586	954
lp_2205	1179	1248	1031	913
lp_2206	772	1009	1105	1316
lp_2210	3828	4172	2564	2651
lp_2211	1737	2141	1368	1292
lp_2212	646	903	845	911
lp_2213	1564	1750	1161	1060
lp_2215	2251	2815	1720	1716
lp_2216	575	631	450	358
lp_2217	2931	3620	3508	3586
lp_2218	1108	1419	1320	1554
lp_2219	2555	3374	8302	9283
lp_2220	2735	3151	6553	6430
lp_2221	4075	5043	3846	4003
lp_2222	2463	2720	2447	2466
lp_2223	1370	1438	1088	1284
lp_2225	5956	6257	6422	6431
lp_2226	680	808	699	873
lp_2227	9139	9348	9739	8240
lp_2228	7032	7310	9293	11340
lp_2229	1980	2329	2139	2571
lp_2230	3048	3524	3334	3726
lp_2231a	249	184	244	264
lp_2231b	524	423	536	460
lp_2231c	5777	6220	5299	5752
lp_2232	3514	4189	2437	2341
lp_2234	2036	1824	1255	1235
lp_2235	3640	3429	2170	2778
lp_2236	1961	1807	1286	1729
lp_2237	3122	3162	2373	3020
lp_2238	885	860	609	779
lp_2240	3464	3517	1155	1192
lp_2242	4490	4044	2144	2701
lp_2243	2362	2055	1404	2107
lp_2244	40	21	11	13
lp_2246	20	15	13	13
lp_2247	17	24	15	17
lp_2248	48	56	6	29
lp_2249	56	43	31	28
lp_2251	3536	3558	2948	3591
lp_2253	15007	16580	15180	12134
lp_2254	168	189	191	191
lp_2255	678	778	760	935
lp_2256	11858	12044	7565	7960
lp_2258	5993	7863	7684	9186
lp_2259	911	781	632	693
lp_2260	3204	2908	3247	4160
lp_2261	1806	1679	1953	2348
lp_2262	804	969	750	824
lp_2263	12777	12596	11060	12354
lp_2264	7491	7243	6463	7637
lp_2265	1193	1020	892	1068
lp_2266	746	616	481	686
lp_2267	512	488	376	454
lp_2268	515	548	373	461
lp_2269	1614	1957	1472	1263
lp_2270	4954	6002	4836	3623
lp_2271	7374	7408	5550	6206
lp_2272	1048	1028	798	908
lp_2273	2226	1679	1438	1751
lp_2274	4066	3525	2281	3649
lp_2275	1891	1765	1041	1556
lp_2277	18668	21513	16266	18771
lp_2278	5469	5489	4740	4880
lp_2279	3424	3403	3204	3122
lp_2280	365	334	198	368
lp_2281	3698	3901	3376	2954
lp_2282	3312	2912	2469	2554
lp_2285	3663	3596	2825	3059
lp_2286	3136	2718	2008	2372
lp_2287	1494	1430	943	1393
lp_2289	2770	3322	1651	1686
lp_2292	218	180	160	186
lp_2297	4118	4125	3865	3913
lp_2298	5072	5090	4708	5574
lp_2299	1647	1498	1326	1740
lp_2300	19779	23217	18467	16033
lp_2301	11392	12711	10066	11497
lp_2302	3474	3528	3293	4156
lp_2303	4787	5067	3602	2838
lp_2304	8550	9468	6342	5263
lp_2305	4588	4644	3712	3846
lp_2306	3009	2905	2389	2782
lp_2308	1104	1387	1389	1230
lp_2312	2145	2296	1315	1414
lp_2313	932	886	569	574
lp_2314	593	624	416	383
lp_2315	11885	12786	7761	7266
lp_2316	9227	9626	5817	5498
lp_2317	3943	3429	2672	2125
lp_2318	6608	5837	4244	3606
lp_2319	18487	16906	11121	11484
lp_2320	809	757	394	424
lp_2321	1225	1037	614	731
lp_2322	14954	14495	11735	14489
lp_2323	1936	2279	2440	3069
lp_2325	4242	4508	3144	3460
lp_2326	2373	2161	1717	1874
lp_2328	6911	8380	6970	7906
lp_2330	746	880	996	1166
lp_2331	25461	25449	21170	13528
lp_2333	1149	1262	811	782
lp_2334	788	638	506	619
lp_2335	424	301	231	263
lp_2336	1876	1887	1307	1737
lp_2337	1488	1744	1554	1845
lp_2339	718	693	885	817
lp_2340	4380	4607	6885	8579
lp_2341	3941	3485	1224	1272
lp_2344	1589	1463	1133	1101
lp_2345	18425	21436	15197	16023
lp_2346	6755	6317	5668	7033
lp_2347	5292	4848	4510	5608
lp_2349	10151	10878	14490	17278
lp_2350	5782	5855	3900	4232
lp_2351	2528	2295	1602	1864
lp_2352	2118	1864	1438	1549
lp_2353	2019	1621	1573	1187
lp_2354	4279	3267	2731	2596
lp_2357	1234	1232	817	903
lp_2358	2816	2777	1964	2079
lp_2359	7660	6969	5765	5983
lp_2360	707	654	626	656
lp_2361	3815	3807	3569	4411
lp_2363	16908	18759	12818	11750
lp_2364	80803	87623	58987	56450
lp_2365	54965	54731	39256	38842
lp_2366	71227	76051	49928	52135
lp_2367	25812	23283	18813	15865
lp_2368	23805	24812	16451	16404
lp_2369	5910	4649	4363	3177
lp_2370	30793	28999	22071	19159
lp_2371	565	593	7919	12353
lp_2374	7714	6168	4986	6630
lp_2375	6164	5135	3885	5538
lp_2376	2089	1847	1409	1775
lp_2377	1520	1607	1353	1380
lp_2378	6102	5993	4528	5218
lp_2379	1811	1668	1223	1372
lp_2380	7824	9534	7857	8837
lp_2382	3469	4359	3499	3779
lp_2384	3399	3989	13107	14810
lp_2385	586	576	542	455
lp_2388	70	58	38	66
lp_2390	464	531	885	990
lp_2391	1858	2288	1891	2046
lp_2393	1009	805	461	557
lp_2394	1222	1095	736	711
lp_2395	781	671	444	458
lp_2396	164	110	35	53
lp_2397	1690	1874	1884	2109
lp_2425	11	18	11	9
lp_2457	47	69	44	44
lp_2482	3190	3896	3847	4147
lp_2483	1812	2419	2231	2415
lp_2484	17	25	14	10
lp_2485	74	80	47	56
lp_2486	270	312	194	251
lp_2488	7	7	13	12
lp_2488a	8	2	4	0
lp_2488h	0	0	0	0
lp_2499	24	27	13	26
lp_2502	47242	56395	42992	43924
lp_2503	3950	4008	1644	1184
lp_2504	3788	3882	2771	2956
lp_2505	2617	2855	2094	2312
lp_2506	1695	1903	1412	1808
lp_2507	2814	3109	2839	3822
lp_2508	681	654	609	803
lp_2509	2683	3112	684	589
lp_2512	196	163	197	208
lp_2513	107	87	50	89
lp_2514	139	100	42	62
lp_2515	861	941	1136	1267
lp_2516	1583	1332	1463	912
lp_2519	1007	1024	808	860
lp_2520	648	721	590	591
lp_2521	329	407	443	572
lp_2522	9	11	6	4
lp_2523	4	6	4	3
lp_2524	1348	1480	1405	1248
lp_2525	4713	4748	1790	2133
lp_2526	3855	4161	2430	2232
lp_2529	85	72	34	47
lp_2532	781	832	608	659
lp_2534	1715	1438	1072	1468
lp_2535	51	62	34	60
lp_2536	51	73	46	66
lp_2537	7	14	16	27
lp_2541	758	762	605	567
lp_2542	810	754	494	437
lp_2543	1259	1436	727	687
lp_2544	4946	6996	34111	35896
lp_2548	441	380	234	400
lp_2550	57	40	46	94
lp_2551	23	22	32	33
lp_2552	7	2	9	9
lp_2553	7	15	0	7
lp_2554	7	18	5	15
lp_2556	5	4	6	12
lp_2557	2	4	8	8
lp_2558	2	8	11	11
lp_2559	10	12	8	6
lp_2560	6	4	2	4
lp_2561	2	11	8	10
lp_2563	186	224	277	372
lp_2564	449	442	444	385
lp_2565	2998	3552	2513	2426
lp_2566	1639	1950	1284	1285
lp_2572	70	104	282	324
lp_2573	581	617	282	279
lp_2574	984	865	411	464
lp_2575	246	304	271	304
lp_2578	290	343	152	248
lp_2579	308	270	152	212
lp_2582	1280	1428	1432	1529
lp_2585	1134	998	1026	1283
lp_2586	45	92	85	114
lp_2589	1141	1510	1548	1770
lp_2590	781	1023	1084	1266
lp_2591	5442	6717	11804	15189
lp_2593	1415	1692	1559	1638
lp_2601	488	574	807	785
lp_2602	684	892	994	1238
lp_2603	737	895	682	750
lp_2604	270	240	260	282
lp_2606	236	233	263	251
lp_2608	1016	1315	1182	1107
lp_2612	2568	3426	3692	4428
lp_2613	559	596	466	451
lp_2614	810	900	599	730
lp_2615	485	473	346	445
lp_2616	193	208	391	367
lp_2620	184	210	154	187
lp_2621	1542	2062	2212	2435
lp_2622	713	940	1019	956
lp_2623	1690	2128	2167	2586
lp_2624	31	21	24	42
lp_2625	41	24	22	44
lp_2629	21821	24409	43114	45356
lp_2630	2	3	6	6
lp_2631	9878	11638	7447	7380
lp_2633	180	203	193	173
lp_2634	105	128	130	155
lp_2635	254	278	354	350
lp_2636	3706	4456	2993	3660
lp_2638	74	86	24	9
lp_2641	696	645	724	672
lp_2642	1447	1472	1435	2034
lp_2643	1414	1321	2037	2226
lp_2645	45528	53117	41754	45389
lp_2652	4614	5394	5071	4893
lp_2653	1455	1884	1167	1470
lp_2654	721	946	549	583
lp_2658	3308	4061	2466	2990
lp_2660	1941	1946	3691	4144
lp_2661	1435	1495	2862	3520
lp_2662	574	752	768	812
lp_2663	1129	1446	1499	1530
lp_2664	5654	4942	3095	4703
lp_2665	5470	4132	2706	4094
lp_2666	1831	1964	2176	2641
lp_2667	1694	1976	1576	1421
lp_2668	2109	2302	3463	3945
lp_2669	2689	3087	4384	4583
lp_2671	8924	9926	8097	7272
lp_2673	3895	4597	4118	3881
lp_2674	276	244	203	265
lp_2675	931	972	740	799
lp_2676	113	120	120	184
lp_2677	200	263	300	401
lp_2680	1281	1589	1435	1470
lp_2681	9933	12740	11197	10919
lp_2683	727	823	715	834
lp_2684	230	270	942	1164
lp_2685	291	281	880	1197
lp_2688	42	40	24	19
lp_2689	250	409	274	230
lp_2690	1250	1572	1368	1268
lp_2691	522	656	496	597
lp_2693	4562	4753	3651	4253
lp_2694	2204	2251	1948	2520
lp_2696	248	280	601	1355
lp_2697	259	327	3430	10512
lp_2698	327	427	5173	16998
lp_2699	222	319	4983	15131
lp_2701	313	251	19952	41688
lp_2702	213	253	20303	37625
lp_2703	63	125	13502	24586
lp_2704	863	853	6760	8636
lp_2708	90	98	239	322
lp_2710	2295	1856	772	515
lp_2712	3829	4328	3013	2502
lp_2713	1209	1284	1364	1394
lp_2714	500	677	496	349
lp_2715	444	484	428	305
lp_2718	228	247	103	92
lp_2719	674	750	490	518
lp_2720	825	984	614	592
lp_2721	414	499	253	348
lp_2722	421	442	276	331
lp_2723	616	691	387	499
lp_2724	610	606	378	405
lp_2725	227	181	124	174
lp_2726	85	84	36	64
lp_2727	262	251	171	174
lp_2728	387	442	250	253
lp_2729	148	179	89	70
lp_2732	1195	1122	3421	4357
lp_2733	927	918	1892	2839
lp_2734	1116	1044	940	1221
lp_2735	606	592	569	626
lp_2736	2631	3434	3294	4205
lp_2737	3635	4928	4424	4929
lp_2738	4337	4859	3672	4020
lp_2739	1514	1505	304	390
lp_2740	1585	1447	660	649
lp_2741	642	787	510	473
lp_2742	972	965	788	595
lp_2743	3105	3334	2269	2315
lp_2744	1985	2007	1376	1231
lp_2745	1006	921	1072	1770
lp_2747	334	336	380	290
lp_2748	42	44	56	47
lp_2749	83	107	122	157
lp_2751	877	988	719	754
lp_2753	14844	16532	13264	14655
lp_2754	2071	2274	1710	1820
lp_2755	3308	3798	5852	4716
lp_2757	158	191	2531	2807
lp_2758	3354	3522	3879	4689
lp_2759	2596	3081	3013	3659
lp_2760	883	1058	1055	1201
lp_2761	1705	1864	2214	2461
lp_2762	1966	2010	2306	2834
lp_2763	921	1007	1285	1498
lp_2764	1664	1961	2092	3199
lp_2765	731	681	843	1128
lp_2766	715	987	2820	3043
lp_2767	693	1012	2850	2997
lp_2770	859	930	560	649
lp_2772	527	502	469	496
lp_2773	276	304	354	424
lp_2774	120	101	114	200
lp_2776	1693	1954	571	649
lp_2780	385	566	5389	6186
lp_2781	637	817	6606	7800
lp_2782	84	91	605	338
lp_2783	4102	5002	3640	3503
lp_2785	610	721	536	594
lp_2786	2365	2608	1534	1415
lp_2787	159	192	1242	1290
lp_2788	2	12	21	40
lp_2789	960	1157	776	930
lp_2790	1303	1596	1923	2270
lp_2792	118	127	78	64
lp_2793	13930	15942	12901	15114
lp_2794	879	979	898	787
lp_2795	667	539	537	778
lp_2797	156	115	106	220
lp_2798	274	246	321	542
lp_2799	2447	2735	6987	7281
lp_2800	524	570	1156	1143
lp_2802	110	128	104	112
lp_2803	81	84	54	106
lp_2804	234	340	434	565
lp_2806	91	38	30	41
lp_2807	3301	2425	1891	3125
lp_2809	743	549	400	709
lp_2810	419	294	217	404
lp_2812	1958	2150	1160	1074
lp_2813	125	139	783	781
lp_2816	141	134	68	83
lp_2817	268	164	98	95
lp_2818	1195	1306	1210	1140
lp_2820	1067	1041	1236	1379
lp_2822	325	421	316	267
lp_2823	320	400	275	236
lp_2824	3383	3971	3197	3536
lp_2825	4147	5168	4191	4877
lp_2826	3250	3998	2496	2936
lp_2827	1201	1293	805	980
lp_2829	1313	1608	3244	2828
lp_2830	3104	3651	633	592
lp_2833	153	142	200	211
lp_2835	149	162	188	250
lp_2836	404	470	298	275
lp_2839	225	303	197	154
lp_2840	32	32	26	34
lp_2841	154	190	123	209
lp_2842	188	195	188	170
lp_2843	2866	3327	2402	2448
lp_2844	1383	1337	959	1153
lp_2848	414	521	467	488
lp_2849	1558	1817	1509	1584
lp_2850	2774	2923	2321	2499
lp_2851	22	28	45	20
lp_2852	14	14	25	18
lp_2853	4	0	6	4
lp_2854	207	226	249	309
lp_2855	85	100	173	215
lp_2856	447	384	1008	1161
lp_2857	84	77	222	305
lp_2860	1106	1200	1105	1268
lp_2861	271	265	125	125
lp_2862	1421	1237	962	1140
lp_2864	2089	2045	1267	1261
lp_2865	2590	2686	1533	1805
lp_2866	1561	1460	993	1050
lp_2867	1929	1647	1227	1191
lp_2868	1715	1643	962	1012
lp_2870	276	249	284	349
lp_2871	313	220	356	419
lp_2872	187	165	153	209
lp_2873	456	467	366	480
lp_2874	284	264	314	346
lp_2877	1309	1475	1379	1394
lp_2878	2151	2497	1723	1950
lp_2879	735	1069	666	743
lp_2885	196	160	71	36
lp_2887	1073	1157	1486	1532
lp_2889	137	150	141	136
lp_2890	87	90	78	135
lp_2893	485	518	396	456
lp_2894	405	394	318	393
lp_2897	688	823	692	667
lp_2901	920	873	873	919
lp_2903	511	461	303	341
lp_2906	936	837	552	814
lp_2907	197	171	132	197
lp_2909	639	718	615	498
lp_2911	1694	1538	938	1113
lp_2912	7700	7810	3791	4149
lp_2913	2015	1915	3062	3898
lp_2914	1905	1566	1530	2424
lp_2915	644	913	964	1178
lp_2917	56	66	20	36
lp_2918	921	1072	838	1045
lp_2921	222	209	255	222
lp_2922	330	389	426	503
lp_2923	346	473	318	450
lp_2924	280	232	104	181
lp_2925	422	343	306	603
lp_2926	317	360	323	338
lp_2927	81	96	78	93
lp_2930	185	141	258	291
lp_2931	894	856	903	1194
lp_2932	2595	2225	2532	3508
lp_2934	1970	2446	1095	1352
lp_2935	1272	1487	1118	1173
lp_2936	1981	2473	1972	1999
lp_2937	2639	2844	1682	1694
lp_2940	461	573	221	329
lp_2942	774	1226	949	1118
lp_2943	96	135	185	167
lp_2945	368	449	605	672
lp_2948	113	149	152	230
lp_2949	66	82	98	110
lp_2952	333	322	265	250
lp_2953	128	100	108	163
lp_2954	85	98	53	39
lp_2956	367	464	596	804
lp_2959	174	136	84	167
lp_2960	3242	3321	2452	2747
lp_2961	78	95	111	147
lp_2963	450	564	557	506
lp_2964	105	97	102	114
lp_2965	156	138	55	108
lp_2966	752	924	922	968
lp_2967	286	298	304	288
lp_2968	239	299	581	555
lp_2972	107	101	49	50
lp_2973	83	86	43	49
lp_2974	29	27	4	8
lp_2975	212	222	99	150
lp_2976	12	14	1	6
lp_2977	32	19	7	13
lp_2979	37	26	16	19
lp_2981	27	23	19	21
lp_2982	28	30	23	31
lp_2983	21	24	10	20
lp_2984	5	6	2	3
lp_2985	16	5	0	18
lp_2987	2497	3080	3585	2749
lp_2988	1686	1558	671	495
lp_2989	253	234	222	209
lp_2991	141	146	79	97
lp_2995	402	291	230	278
lp_2996	267	202	120	228
lp_2998	378	326	141	298
lp_3001	213	278	154	159
lp_3002	291	370	268	319
lp_3003	717	834	703	1042
lp_3004	29	21	28	37
lp_3006	1603	2121	2836	3773
lp_3008	48	40	27	25
lp_3009	16	10	191	183
lp_3010	8	10	328	243
lp_3011	22	28	206	238
lp_3012	48	67	66	65
lp_3013	299	311	375	280
lp_3014	715	568	636	642
lp_3015	4049	4194	931	1094
lp_3016	132	118	87	80
lp_3017	109	109	120	112
lp_3018	108	123	93	128
lp_3019	164	204	198	115
lp_3020	49	39	35	17
lp_3021	372	413	250	262
lp_3022	145	121	104	115
lp_3023	359	415	302	328
lp_3038	1894	1845	1528	1705
lp_3040	3184	3240	3122	3763
lp_3042	1370	1445	1729	1805
lp_3044	1813	2307	2655	2835
lp_3045	1923	2617	3076	3418
lp_3047	123	108	140	184
lp_3048	83	60	97	150
lp_3049	4247	4693	6988	7330
lp_3050	16	28	10	16
lp_3055	70	66	275	299
lp_3057	11	13	38	46
lp_3058	13	5	21	38
lp_3059	4393	4452	3768	4134
lp_3060	744	797	807	757
lp_3062	599	586	556	540
lp_3063	763	644	572	513
lp_3064	60	34	35	26
lp_3065	12	2	5	9
lp_3066	22	18	10	29
lp_3067	23	2	11	8
lp_3069	470	490	408	377
lp_3070	270	284	213	242
lp_3071	277	256	308	296
lp_3072	159	146	25	46
lp_3073	70	104	14	19
lp_3074	12	6	3	5
lp_3075	378	379	126	138
lp_3077	2545	2537	2429	2750
lp_3078	102	105	826	926
lp_3081	364	299	165	219
lp_3082	174	172	129	94
lp_3084	337	340	290	364
lp_3087	301	233	185	180
lp_3088	404	360	257	317
lp_3090	836	803	731	835
lp_3091	298	296	509	471
lp_3092	1062	1213	4378	4885
lp_3093	344	382	307	342
lp_3094	193	233	201	197
lp_3095	719	814	592	749
lp_3096	47	50	49	33
lp_3097	147	156	171	161
lp_3098	64	69	63	64
lp_3099	70	56	47	77
lp_3100	688	722	557	554
lp_3117	86	99	245	261
lp_3119	173	255	300	401
lp_3120	512	677	735	858
lp_3122	349	300	246	198
lp_3123	1183	1343	1351	1191
lp_3124	42	74	356	358
lp_3125	107	132	114	181
lp_3127	32	56	16	57
lp_3134	1533	1642	689	415
lp_3139	247	284	259	286
lp_3141	50	33	27	19
lp_3142	296	260	318	352
lp_3143	186	181	134	99
lp_3150	56	56	96	118
lp_3155	91	85	102	117
lp_3169	4015	4132	1497	1810
lp_3170	46435	52249	44421	31001
lp_3171	489	404	455	468
lp_3172	183	156	200	282
lp_3174	6548	8500	3795	3650
lp_3175	444	510	176	176
lp_3176	1788	2071	1625	1914
lp_3177	55	81	122	136
lp_3178	110	130	178	201
lp_3179	538	599	505	629
lp_3183	447	395	223	285
lp_3184	1370	1373	1022	989
lp_3185	5311	5160	4052	4092
lp_3187	167	140	98	88
lp_3189	10444	12140	7167	6881
lp_3190	5061	4944	2381	2156
lp_3191	5759	5955	2876	2623
lp_3192	317	283	172	242
lp_3193	9586	10096	4008	4891
lp_3194	9606	10110	10238	13182
lp_3195	4221	4323	3459	3589
lp_3196	7425	7451	5732	6540
lp_3197	640	544	607	495
lp_3198	2700	2612	2122	2334
lp_3199	2177	2012	1756	1855
lp_3200	2268	2402	1922	2087
lp_3201	2106	2230	1904	1849
lp_3204	4262	5338	4306	4793
lp_3205	866	1054	778	951
lp_3206	639	592	521	521
lp_3207	2943	3310	2227	2453
lp_3209	6271	6960	4025	3902
lp_3210	1943	2312	1464	1648
lp_3211	2239	2361	1589	1515
lp_3214	201	231	307	357
lp_3215	14	49	16	14
lp_3216	168	146	134	175
lp_3217	297	303	270	347
lp_3218	745	761	738	887
lp_3220	15	15	29	28
lp_3221	1004	1120	816	969
lp_3223	1081	947	1065	1202
lp_3224	312	327	571	800
lp_3225	204	255	348	578
lp_3226	5507	6694	5382	5981
lp_3227	2030	2175	1926	1855
lp_3236	625	715	2018	2202
lp_3237	931	875	855	966
lp_3238	2048	2256	1368	2199
lp_3239	136	156	217	217
lp_3241	83	87	249	308
lp_3243	268	244	750	761
lp_3245	13198	14680	6901	5323
lp_3246	2153	2240	816	921
lp_3247	1170	1040	1405	1670
lp_3248	3628	3435	566	658
lp_3250	116	137	1152	1232
lp_3251	73	74	36	33
lp_3252	738	944	834	901
lp_3254	214	192	89	62
lp_3255	282	433	157	102
lp_3256	4184	7521	10218	10645
lp_3257	80	80	48	60
lp_3259	1033	1209	1351	1531
lp_3262	964	1560	1878	2203
lp_3263	674	1150	1243	1475
lp_3265	1127	1486	1169	1308
lp_3266	981	1206	1191	1424
lp_3267	3557	5142	5006	6776
lp_3268	58	84	99	83
lp_3269	2602	2275	1581	1376
lp_3270	1352	1138	944	789
lp_3271	736	761	713	664
lp_3272	130	106	1043	1009
lp_3273	1267	1369	1283	1033
lp_3278	46	74	79	67
lp_3280	214	118	64	73
lp_3281	1114	911	595	661
lp_3283	637	728	826	848
lp_3284	320	244	168	176
lp_3285	210	150	110	109
lp_3286	348	307	174	146
lp_3287	259	265	221	179
lp_3288	909	985	1383	1173
lp_3292	1290	1199	713	413
lp_3293	1803	2058	1547	1954
lp_3294	3155	3476	2651	3354
lp_3295	1393	1356	1217	1424
lp_3296	2988	3176	2804	3601
lp_3297	1093	1174	1091	1387
lp_3298	876	904	779	1222
lp_3299	520	467	417	564
lp_3301	653	479	250	179
lp_3302	1015	1264	1244	1419
lp_3310	1032	889	704	606
lp_3312	2988	2413	2807	3053
lp_3313	1079	1112	13233	13079
lp_3314	544	551	6496	6581
lp_3316	101	113	665	830
lp_3318	916	1234	10081	11433
lp_3319	262	290	323	458
lp_3321	172	148	206	236
lp_3322	3643	4315	3471	3754
lp_3323	201	180	196	309
lp_3324	4904	4983	1841	1845
lp_3330	400	440	325	390
lp_3333	40	45	18	32
lp_3334	1017	765	626	910
lp_3335	327	491	375	457
lp_3338	36	36	30	39
lp_3341	934	872	416	541
lp_3342	549	622	587	636
lp_3343	180	229	183	181
lp_3344	49	33	32	47
lp_3345	132	138	115	149
lp_3346	309	286	257	318
lp_3349	1572	1576	1394	1500
lp_3350	2684	2197	1872	1443
lp_3351	3841	3878	2482	2193
lp_3352	1350	1281	1541	1324
lp_3353	644	587	686	821
lp_3355	647	772	1385	1745
lp_3356	332	453	175	122
lp_3358	2545	2131	1307	1245
lp_3359	136	149	563	944
lp_3360	230	182	709	1221
lp_3362	2374	2831	2781	3264
lp_3363	449	489	1390	1513
lp_3365	558	664	703	735
lp_3366	1608	1906	1228	1626
lp_3367	463	525	434	457
lp_3368	143	154	111	90
lp_3371	222	206	248	190
lp_3372	648	670	483	651
lp_3373	1077	901	643	519
lp_3374	1430	1254	641	703
lp_3392	1173	1620	1415	1617
lp_3393	545	630	353	545
lp_3394	111	103	59	124
lp_3397	3952	4874	2978	3227
lp_3398	340	471	426	379
lp_3400	2623	3320	3231	3806
lp_3402	75	120	103	102
lp_3403	3433	4283	4042	4235
lp_3404	558	673	521	492
lp_3406	320	355	286	218
lp_3407	7597	7625	4475	4376
lp_3408	1256	1162	1078	1377
lp_3409	1730	1771	1494	2055
lp_3410	862	718	684	861
lp_3411	7417	7753	3506	2655
lp_3412	881	838	597	680
lp_3413	187	171	135	123
lp_3414	560	605	327	354
lp_3415	57	49	23	12
lp_3416	3755	2817	3185	2984
lp_3417	505	491	719	777
lp_3418	311	375	3589	3584
lp_3419	489	533	606	501
lp_3420	2849	4042	7355	9236
lp_3421	68037	75035	52121	49361
lp_3422	731	861	655	639
lp_3423	855	724	646	526
lp_3430	1007	1253	1042	1111
lp_3431	681	821	789	884
lp_3432	766	1016	869	1006
lp_3433	674	813	698	850
lp_3435	64	92	46	75
lp_3436	93	95	736	668
lp_3437	484	519	466	473
lp_3438	310	400	350	332
lp_3440	68	49	33	80
lp_3441	83	123	73	103
lp_3442	62	72	38	40
lp_3444	158	190	192	249
lp_3445	5048	6417	7087	8781
lp_3448	551	735	597	670
lp_3449	2362	2827	9144	8879
lp_3450	122	91	93	138
lp_3451	28	26	56	34
lp_3452	33	31	22	16
lp_3453	47	42	44	44
lp_3454	27	18	14	17
lp_3458	2813	3632	2094	2194
lp_3459	295	372	274	349
lp_3460	1096	1358	1052	1249
lp_3461	602	778	741	763
lp_3463	234	256	205	212
lp_3464	1691	1994	1878	2040
lp_3469	10	20	33	48
lp_3470	1042	1533	2275	2452
lp_3471	24	23	68	102
lp_3472	6	14	38	44
lp_3473	20	19	38	45
lp_3474	4	8	24	33
lp_3476	34	56	427	344
lp_3477	479	439	260	369
lp_3478	577	621	403	493
lp_3479	48	31	60	58
lp_3480	158	137	406	442
lp_3482	40	72	210	233
lp_3483	92	130	1761	1831
lp_3484	82	102	1094	1000
lp_3485	175	233	409	577
lp_3486	160	162	693	660
lp_3487	78	120	805	816
lp_3488	753	664	457	572
lp_3489	372	377	1711	2005
lp_3490	98	166	64	96
lp_3491	806	718	604	685
lp_3492	316	279	285	271
lp_3493	275	309	236	315
lp_3494	157	107	117	138
lp_3495	884	987	405	483
lp_3504	76	46	93	102
lp_3505	132	83	179	301
lp_3506	146	151	142	256
lp_3507	983	1187	1950	1776
lp_3508	188	243	413	425
lp_3509	179	298	421	481
lp_3510	192	303	477	417
lp_3513	326	359	128	119
lp_3514	842	714	984	436
lp_3545	46	43	1194	1271
lp_3546	10	6	563	415
lp_3547	0	2	156	139
lp_3548	6	4	106	81
lp_3549	529	568	867	895
lp_3571	293	403	2547	2447
lp_3572	9837	11597	11180	12982
lp_3573	641	770	815	859
lp_3575	109	125	115	112
lp_3576	625	459	520	710
lp_3578	6341	7453	9638	10903
lp_3579	28522	31644	22241	22219
lp_3580	170469	173729	147331	173427
lp_3581	170804	160889	148743	167944
lp_3586	242	290	96	120
lp_3656	28	6	167	169
lp_3657	20	18	103	169
lp_3658	313	271	73920	75758
lp_3659	162	129	39511	35310
lp_3660	155	146	48628	43768
lp_3661	773	813	2039	2053
lp_3662	292	260	239	249
lp_3663	2281	2528	2061	1928
lp_3664	866	880	807	820
lp_3665	550	592	491	409
lp_3666	86	94	128	121
lp_3668	286	239	291	361
lp_3669	4512	4915	4909	5477
lp_3673	2563	2303	2700	4472
lp_3675	872	726	414	476
lp_3676	940	776	323	517
lp_3677	93	51	19	30
lp_3678	395	353	145	145
lp_3679	1145	1120	337	507
lp_3681	5551	5337	3161	3427
lp_3682	3756	3954	2331	2545
lp_3683	4713	5566	2872	3328
lp_3687	38099	40455	28148	29287
lp_3688	30348	29421	20649	23964
